$grad          cartesian gradients
  cycle =      4    SCF energy =     -382.3457535196   |dE/dxyz| =  0.000126
   -2.69176330280845     -0.00007129445712     -0.44712612093731      c
   -1.69851644615005     -0.00007332282157      2.06488947265450      c
    0.92683848474542     -0.00007460039817      2.49592179180606      c
    2.69176330586455     -0.00007127328394      0.44712611937145      c
    1.69851645303760     -0.00007330575699     -2.06488946767951      c
   -3.00422546200293     -0.00010960047578      3.69235577791663      h
    1.65164862133480     -0.00009936461865      4.45456854624516      h
    3.00422542223643     -0.00010955589055     -3.69235581183381      h
    5.46170420514944     -0.00013117060482      1.01478224693634      c
    7.37290032004562      0.00033137062990     -0.68855681172600      c
    7.04373607561485      0.00092236676713     -2.74543890899796      h
    5.92883353138302     -0.00065937735385      3.05381617961876      h
    9.36352818730791      0.00017228422885     -0.07445320145663      h
   -5.46170421520602     -0.00013118335616     -1.01478225163911      c
   -5.92883353255742     -0.00065944101276     -3.05381618858498      h
   -7.37290032230228      0.00033139055928      0.68855681267024      c
   -7.04373605585274      0.00092243787879      2.74543890990978      h
   -9.36352819434217      0.00017228707094      0.07445321997922      h
   -0.92683848797451     -0.00007460625018     -2.49592178685491      c
   -1.65164852640697     -0.00009927259342     -4.45456857763148      h
  -.37568361530113D-04  -.83807802905817D-06  -.64043157574931D-05
  0.18642824120479D-04  -.75176936802408D-06  -.11018291083756D-04
  0.26828032412817D-04  0.82841059580554D-06  -.14713418055852D-04
  0.37574595019251D-04  -.83623175278832D-06  0.64073990288044D-05
  -.18641770850013D-04  -.75241509454071D-06  0.11014798135081D-04
  -.20216122564526D-04  -.13411135966263D-06  0.23480940419735D-04
  -.85981526200104D-05  0.96639263484632D-08  0.13291212991805D-04
  0.20216542784996D-04  -.13418291333334D-06  -.23485420445025D-04
  -.41760710734915D-04  0.29746248478164D-05  -.83490242347597D-05
  -.50338010193861D-05  -.13199990681795D-05  0.26307626044674D-04
  0.42383281727122D-05  0.11962174986759D-05  -.29310785373389D-04
  0.67489870957013D-05  -.12154173229641D-05  -.11680191525657D-05
  0.19808507745109D-04  -.75405289713127D-06  -.79940438913423D-05
  0.41756930725679D-04  0.29760813587914D-05  0.83524628441646D-05
  -.67486678573498D-05  -.12157370409335D-05  0.11687078717404D-05
  0.50360876973548D-05  -.13203708074019D-05  -.26311052394901D-04
  -.42382053861841D-05  0.11964105495651D-05  0.29308597712834D-04
  -.19805872771918D-04  -.75424901084553D-06  0.79950873378374D-05
  -.26844547110560D-04  0.82464077624298D-06  0.14719704416285D-04
  0.86053676451283D-05  0.12265578208131D-07  -.13292174748684D-04
  cycle =      5    SCF energy =     -382.3457535839   |dE/dxyz| =  0.000047
   -2.69168259939389     -0.00015751689519     -0.44717768569127      c
   -1.69855372815169     -0.00022105618999      2.06486160019718      c
    0.92675746213371     -0.00024108964000      2.49595745165665      c
    2.69168260619519     -0.00015750193114      0.44717767913013      c
    1.69855374735988     -0.00022097341835     -2.06486159115470      c
   -3.00425808912507     -0.00027743452806      3.69223504382450      h
    1.65161350243780     -0.00034510622351      4.45456251095106      h
    3.00425807359425     -0.00027720449247     -3.69223505239496      h
    5.46166053506207      0.00006164482281      1.01485388008154      c
    7.37273532205773      0.00036035301966     -0.68858763811692      c
    7.04341555898525      0.00045205605716     -2.74538331541603      h
    5.92881673515561      0.00003427804799      3.05387537460434      h
    9.36334690952699      0.00054111786120     -0.07457701712434      h
   -5.46166054526170      0.00006167580025     -1.01485388808074      c
   -5.92881673679745      0.00003435316017     -3.05387538868277      h
   -7.37273533477910      0.00036038184490      0.68858763857827      c
   -7.04341555713367      0.00045205104642      2.74538332229090      h
   -9.36334693138330      0.00054118619444      0.07457702610741      h
   -0.92675744690888     -0.00024110059243     -2.49595745677936      c
   -1.65161342245762     -0.00034534568292     -4.45456254421443      h
  -.11193119791546D-04  -.22464698927445D-05  0.15130116792245D-05
  0.74110189505408D-05  0.35339119033697D-06  0.26523812185434D-05
  0.12129076951516D-04  -.83988052605633D-07  -.76973294358929D-05
  0.11194291077799D-04  -.22527839063951D-05  -.15128237636197D-05
  -.74053795991056D-05  0.35816295677154D-06  -.26501554885679D-05
  -.21167908561139D-05  -.99140737717586D-06  0.15176360884708D-05
  -.73318024929432D-05  -.23985986865119D-05  0.39598608401141D-05
  0.21145430323237D-05  -.98686601938004D-06  -.15178441103888D-05
  -.16594843471632D-04  0.55802734794904D-05  -.41099834184144D-05
  -.34195866752040D-05  -.33573649868285D-05  0.68319127663411D-05
  0.41383213375417D-05  -.25546583953850D-05  -.63207829434329D-05
  0.55763704585681D-05  0.37961805553792D-05  -.17553395749968D-05
  0.29637375679251D-05  0.18946646369271D-05  -.92950256695726D-05
  0.16593145202015D-04  0.55836424003722D-05  0.41089630986208D-05
  -.55761484660362D-05  0.37968029044747D-05  0.17545599671613D-05
  0.34184186525824D-05  -.33584300191819D-05  -.68320736590369D-05
  -.41378633106085D-05  -.25550137131167D-05  0.63222352152719D-05
  -.29648337768860D-05  0.18948098453569D-05  0.92948979666167D-05
  -.12134102853679D-04  -.82215846479599D-07  0.76980455109750D-05
  0.73355341254826D-05  -.24068859127638D-05  -.39621526815646D-05
$end
