$hessapprox internal
  0.398994217775D+00 -0.453747588122D-02  0.359276223399D+00 -0.183428014724D-02
 -0.931570294741D-04  0.438883063055D-01 -0.396427267266D-02 -0.140047097906D-02
 -0.540391868492D-03  0.407949706895D+00  0.193366239439D-01  0.351308610697D-02
  0.589502333376D-03  0.600634570932D-02  0.343420366558D+00 -0.422650079332D-02
 -0.125341950083D-03  0.267428070617D-03 -0.123423127217D-02  0.100586887761D-02
  0.443069391364D-01 -0.118213587121D-01 -0.453798698696D-02 -0.183458503307D-02
 -0.396437174869D-02  0.193386563108D-01 -0.422724499903D-02  0.398993963613D+00
  0.453398356571D-02  0.750526446096D-03  0.930726479671D-04  0.139939057638D-02
 -0.351030107302D-02  0.125214403299D-03  0.453449428768D-02  0.359277419977D+00
 -0.182678748628D-02 -0.929499257301D-04  0.916744018531D-04 -0.538205693851D-03
  0.587778739333D-03  0.266073594402D-03 -0.182709104574D-02  0.928657590271D-04
  0.438873417974D-01  0.393790439739D-02 -0.208195177510D-03 -0.449596735265D-03
  0.111019791746D-02  0.345315914801D-03 -0.119100047016D-02  0.393874951106D-02
  0.208070638377D-03 -0.447459136178D-03  0.278221967914D-01 -0.655352202051D-02
 -0.259721628341D-02 -0.106728967341D-02 -0.220773157595D-02  0.110423882388D-01
 -0.246658773687D-02 -0.655355413352D-02  0.259521900502D-02 -0.106291570763D-02
  0.232496840642D-02  0.409840654229D+00 -0.102633332361D-01 -0.370822022555D-02
 -0.144990875595D-02 -0.341353551566D-02  0.158755970372D-01 -0.331999077329D-02
 -0.102635512410D-01  0.370536135425D-02 -0.144402666440D-02  0.301741808515D-02
 -0.570892139033D-02  0.404727883482D+00 -0.138321041884D-01 -0.261562789307D-02
 -0.484971290710D-03 -0.430908317593D-02  0.119954299486D-01 -0.874592553371D-03
 -0.138335101015D-01  0.261355882820D-02 -0.483461892966D-03 -0.688783252641D-04
 -0.789050936206D-02 -0.113802772123D-01  0.324860369238D+00 -0.606117347210D-03
 -0.226309296281D-03 -0.901378412084D-04 -0.202486561680D-03  0.966424521689D-03
 -0.207121343873D-03 -0.606126806880D-03  0.226134983289D-03 -0.897707570950D-04
  0.190897380384D-03 -0.336546033614D-03 -0.524757172770D-03 -0.691971392315D-03
  0.374652430290D+00 -0.409685329607D-03  0.459610983922D-04  0.617621151274D-04
 -0.112528039255D-03 -0.131828259133D-03  0.160632655359D-03 -0.409784597805D-03
 -0.459299425792D-04  0.614742507223D-04 -0.216335175648D-03 -0.243885775373D-03
 -0.308247475267D-03  0.732509795593D-04 -0.197046463481D-04  0.353165445741D-01
 -0.201946229736D-02 -0.400993150013D-03 -0.825947786323D-04 -0.631456997362D-03
  0.182675167597D-02 -0.156578315545D-03 -0.201965863327D-02  0.400676754136D-03
 -0.823229033237D-04  0.231322727422D-04 -0.115042336717D-02 -0.166596317394D-02
 -0.134549097934D-02 -0.101148998213D-03  0.677273064328D-05  0.406362688440D+00
 -0.759486104228D-02 -0.123439042227D-02 -0.141835248879D-03 -0.234132358717D-02
  0.579006032835D-02 -0.175268575892D-03 -0.759572720225D-02  0.123340546783D-02
 -0.141550159023D-03 -0.388146701675D-03 -0.434912466447D-02 -0.620151213785D-02
 -0.431592317437D-02 -0.378651868773D-03  0.816174956791D-04 -0.662554773225D-03
  0.356284895179D+00  0.591751372618D-02 -0.163559474527D-03 -0.583533600017D-03
  0.168656589679D-02 -0.702791950326D-04 -0.156409892739D-02  0.591871398093D-02
  0.163484137258D-03 -0.580723676035D-03  0.225615603571D-02  0.348143000776D-02
  0.456915056917D-02  0.302495942297D-03  0.287818801004D-03 -0.294459269804D-03
  0.911550302693D-04 -0.329932756100D-03  0.461621927928D-01 -0.201982885626D-02
 -0.400903884771D-03 -0.825098264195D-04 -0.631551790304D-03  0.182644373501D-02
 -0.156361837033D-03 -0.202002530347D-02  0.400587552824D-03 -0.822383383856D-04
  0.228551287129D-04 -0.115064555076D-02 -0.166622773292D-02 -0.134529452026D-02
 -0.101166320299D-03  0.680720549541D-05 -0.203635793988D-03 -0.662400055890D-03
  0.907732250271D-04  0.406362735245D+00  0.759429793692D-02  0.123434176759D-02
  0.141851170658D-03  0.234115523872D-02 -0.578980020606D-02  0.175320363281D-03
  0.759516401266D-02 -0.123335685407D-02  0.141565986441D-03  0.388043500811D-03
  0.434879867173D-02  0.620106234788D-02  0.431571975137D-02  0.378624068930D-03
 -0.816026500119D-04  0.662521841533D-03  0.202728345288D-02  0.329802919657D-03
  0.662367145621D-03  0.356285049450D+00  0.591819424901D-02 -0.163629036684D-03
 -0.583632008721D-03  0.168675364545D-02 -0.700869862669D-04 -0.156435550101D-02
  0.591939466548D-02  0.163553652742D-03 -0.580821624847D-03  0.225650361058D-02
  0.348183456365D-02  0.456966417866D-02  0.302392712439D-03  0.287851575569D-03
 -0.294503545197D-03  0.911463424063D-04 -0.330056819579D-03  0.302381304090D-02
  0.907644814731D-04  0.329926959624D-03  0.461631374935D-01  0.393813558674D-02
 -0.208253884311D-03 -0.449651799318D-03  0.111025740906D-02  0.345519632956D-03
 -0.119114064120D-02  0.393898077172D-02  0.208129303054D-03 -0.447513949491D-03
  0.167406301909D-02  0.232510873655D-02  0.301758438097D-02 -0.690087781329D-04
  0.190908290040D-03 -0.216357412817D-03  0.231160723834D-04 -0.388248366639D-03
  0.225640275794D-02  0.228389012915D-04  0.388145151857D-03  0.225675036874D-02
  0.278225549812D-01 -0.655355152494D-02 -0.259683557690D-02 -0.106705246747D-02
 -0.220769351040D-02  0.110408893797D-01 -0.246600582731D-02 -0.655358382130D-02
  0.259483858339D-02 -0.106267953926D-02  0.232429761328D-02 -0.362648826786D-02
 -0.570885547591D-02 -0.788947778880D-02 -0.336545035818D-03 -0.243806370699D-03
 -0.115028032502D-02 -0.434847839227D-02  0.348048109038D-02 -0.115050241851D-02
  0.434815246441D-02  0.348088551706D-02  0.232443788563D-02  0.409840557492D+00
 -0.102639362354D-01 -0.370794962193D-02 -0.144969267878D-02 -0.341367631221D-02
  0.158746020575D-01 -0.331944762792D-02 -0.102641544812D-01  0.370509094849D-02
 -0.144381155777D-02  0.301674731122D-02 -0.570929709661D-02 -0.885715714469D-02
 -0.113796174773D-01 -0.524784875504D-03 -0.308165373254D-03 -0.166587654289D-02
 -0.620104761873D-02  0.456821826429D-02 -0.166614100401D-02  0.620059788493D-02
  0.456873174084D-02  0.301691354410D-02 -0.570923098499D-02  0.404727068300D+00
  0.138321198205D-01  0.261561592014D-02  0.484962631424D-03  0.430908621939D-02
 -0.119953845892D-01  0.874570980400D-03  0.138335257421D-01 -0.261354686412D-02
  0.483453272199D-03  0.689043218208D-04  0.789051951076D-02  0.113802865880D-01
  0.885970967262D-02  0.691972078727D-03 -0.732541250859D-04  0.134548686080D-02
  0.431590271941D-02 -0.302459586055D-03  0.134529039803D-02 -0.431569929870D-02
 -0.302356351096D-03  0.690347770592D-04  0.788948793043D-02  0.113796268446D-01
  0.324860430286D+00 -0.605266061983D-03 -0.226144297431D-03 -0.901055133619D-04
 -0.202220870711D-03  0.965670399629D-03 -0.207061439207D-03 -0.605275437006D-03
  0.225970114791D-03 -0.897385329805D-04  0.190894636289D-03 -0.336060750618D-03
 -0.524055844074D-03 -0.691415188935D-03 -0.309945932335D-04 -0.197083293379D-04
 -0.101064671780D-03 -0.378379423693D-03  0.287790296754D-03 -0.101082005024D-03
  0.378351637049D-03  0.287823076329D-03  0.190905553375D-03 -0.336059814718D-03
 -0.524083585373D-03  0.691415877156D-03  0.374652515523D+00 -0.409541015152D-03
  0.459646118750D-04  0.617525111242D-04 -0.112485990008D-03 -0.131859580383D-03
  0.160605848504D-03 -0.409640257582D-03 -0.459334522807D-04  0.614646950327D-04
 -0.216293178306D-03 -0.243801490183D-03 -0.308134292645D-03  0.732787586584D-04
 -0.196975790688D-04  0.274866033365D-04  0.677778756278D-05  0.816221798741D-04
 -0.294403979634D-03  0.681225484530D-05 -0.816073361048D-04 -0.294448246010D-03
 -0.216315410575D-03 -0.243722105681D-03 -0.308052209566D-03 -0.732819034346D-04
 -0.197012639789D-04  0.353165333515D-01 -0.396449202800D-02 -0.140026128484D-02
 -0.540244648698D-03 -0.131463919352D-02  0.600554469999D-02 -0.123386555469D-02
 -0.396459124359D-02  0.139918103744D-02 -0.538059126874D-03  0.110976075195D-02
 -0.220787742491D-02 -0.341365734544D-02 -0.430854063108D-02 -0.202495926720D-03
 -0.112475348034D-03 -0.631383458510D-03 -0.234096582035D-02  0.168595326133D-02
 -0.631478190024D-03  0.234079751115D-02  0.168614092448D-02  0.110982020410D-02
 -0.220783924359D-02 -0.341379800422D-02  0.430854366950D-02 -0.202230267948D-03
 -0.112433311502D-03  0.407949631754D+00  0.193452777069D-01  0.351476429961D-02
  0.589831513339D-03  0.600904670722D-02 -0.162106463737D-01  0.100647918870D-02
  0.193473109339D-01 -0.351197793990D-02  0.588106862401D-03  0.345286470349D-03
  0.110473213226D-01  0.158827266213D-01  0.120010864759D-01  0.966857706497D-03
 -0.131865515591D-03  0.182760923568D-02  0.579283139042D-02 -0.705711493682D-04
  0.182730118151D-02 -0.579257113379D-02 -0.703788899707D-04  0.345490263900D-03
  0.110458218347D-01  0.158817312501D-01 -0.120010410980D-01  0.966103229638D-03
 -0.131896856409D-03  0.600824537085D-02  0.343405023741D+00 -0.423988521048D-02
 -0.125014460762D-03  0.268721741388D-03 -0.123805119329D-02  0.100619538098D-02
  0.754641387289D-03 -0.424063211114D-02  0.124887052585D-03  0.267361023988D-03
 -0.119602980712D-02 -0.247445864203D-02 -0.333033533278D-02 -0.875392199832D-03
 -0.207772613298D-03  0.161289962751D-03 -0.156800529260D-03 -0.174594363800D-03
 -0.157083285211D-02 -0.156583197026D-03  0.174646437679D-03 -0.157109048015D-02
 -0.119617052989D-02 -0.247387460298D-02 -0.332979010022D-02  0.875370545399D-03
 -0.207712637228D-03  0.161263033062D-03 -0.123768410273D-02  0.100680642286D-02
  0.443139012681D-01  0.117919651560D-01  0.730753111343D-04 -0.916736413496D-03
  0.340967140894D-02 -0.171468440544D-02 -0.251382014646D-02  0.117941706462D-01
 -0.729266229212D-04 -0.912212075385D-03  0.380316688587D-02  0.690461371742D-02
  0.919820944489D-02  0.168784830574D-02  0.576098365285D-03 -0.504918088813D-03
  0.332362947037D-03  0.195949848090D-04  0.504385354120D-02  0.331694748043D-03
 -0.197862464459D-04  0.504466175880D-02  0.380359914148D-02  0.690288070325D-02
  0.919655385553D-02 -0.168778309764D-02  0.575976405452D-03 -0.504828808882D-03
  0.340856897958D-02 -0.171592820321D-02 -0.252503762975D-02  0.174873577678D-01
 -0.806265755489D-02 -0.239777932788D-02 -0.821195780729D-03 -0.261855866128D-02
  0.104378639214D-01 -0.182933608171D-02 -0.806306940488D-02  0.239591938277D-02
 -0.817963393441D-03  0.147575195258D-02 -0.452731378788D-02 -0.683736055244D-02
 -0.753873576657D-02 -0.408937995261D-03 -0.136432245024D-03 -0.111409302275D-02
 -0.399734358269D-02  0.232267496378D-02 -0.111418121761D-02  0.399707737115D-02
  0.232290636260D-02  0.147580588351D-02 -0.452705805686D-02 -0.683741855126D-02
  0.753873378152D-02 -0.408471199847D-03 -0.136370321325D-03 -0.261850147422D-02
  0.104426097707D-01 -0.183461945375D-02  0.490920831453D-02  0.706199682547D+00
 -0.110924045013D-01 -0.402221802857D-02 -0.157594306441D-02 -0.369104818141D-02
  0.172150446505D-01 -0.361001403028D-02 -0.110926333712D-01  0.401911739771D-02
 -0.156954688964D-02  0.328624874259D-02 -0.616889587921D-02 -0.957557177674D-02
 -0.123388654033D-01 -0.567239542915D-03 -0.336111773246D-03 -0.180599703195D-02
 -0.672698634586D-02  0.497376223242D-02 -0.180628631625D-02  0.672649777891D-02
  0.497432215592D-02  0.328643062243D-02 -0.616883035838D-02 -0.957601823310D-02
  0.123388757985D-01 -0.566479201522D-03 -0.335988691015D-03 -0.369118413929D-02
  0.172227741337D-01 -0.362127393452D-02  0.100061938459D-01 -0.739984844187D-02
  0.405071548889D+00  0.117935700913D-01  0.730993577162D-04 -0.916852488539D-03
  0.341013720437D-02 -0.171497342848D-02 -0.251414097803D-02  0.117957758751D-01
 -0.729506387059D-04 -0.912327572639D-03  0.380366003177D-02  0.690555230082D-02
  0.919946465145D-02  0.168811637462D-02  0.576176864958D-03 -0.504983917419D-03
  0.332413509294D-03  0.196215789288D-04  0.504450536830D-02  0.331745222629D-03
 -0.198128642129D-04  0.504531369119D-02  0.380409234412D-02  0.690381905636D-02
  0.919780884391D-02 -0.168805115790D-02  0.576054886223D-03 -0.504894626076D-03
  0.340903462914D-02 -0.171621741894D-02 -0.252535991026D-02  0.825827131923D-02
  0.490988640012D-02  0.100075590828D-01  0.174894783561D-01 -0.806231477913D-02
 -0.239684987134D-02 -0.820650499924D-03 -0.261834610000D-02  0.104341544351D-01
 -0.182800772207D-02 -0.806272699796D-02  0.239499062502D-02 -0.817420479690D-03
  0.147425252629D-02 -0.452718957098D-02 -0.683687666231D-02 -0.753616490126D-02
 -0.408915310199D-03 -0.136256675473D-03 -0.111373307915D-02 -0.399576944695D-02
  0.232054202512D-02 -0.111382107815D-02  0.399550338665D-02  0.232077313776D-02
  0.147430633174D-02 -0.452693352332D-02 -0.683693423923D-02  0.753616290128D-02
 -0.408448669768D-03 -0.136194797749D-03 -0.261828866984D-02  0.104388987096D-01
 -0.183328630395D-02  0.490527935694D-02 -0.500788370140D-02 -0.739933710106D-02
  0.490595691915D-02  0.706201276477D+00 -0.110923581279D-01 -0.402206350939D-02
 -0.157585154766D-02 -0.369101590421D-02  0.172144292439D-01 -0.360979083308D-02
 -0.110925870612D-01  0.401896299462D-02 -0.156945577065D-02  0.328599593099D-02
 -0.616888144766D-02 -0.957549959398D-02 -0.123384393453D-01 -0.567236289625D-03
 -0.336082117485D-03 -0.180593746675D-02 -0.672672455686D-02  0.497340293739D-02
 -0.180622671786D-02  0.672623601524D-02  0.497396281257D-02  0.328617778957D-02
 -0.616881587261D-02 -0.957594597868D-02  0.123384497379D-01 -0.566475973899D-03
 -0.335959042981D-03 -0.369115182067D-02  0.172221584662D-01 -0.362104993051D-02
  0.100055329427D-01 -0.739972061000D-02 -0.103524447567D-01  0.100068980915D-01
 -0.739920916040D-02  0.405071699307D+00  0.118362923766D-01  0.266070513832D-02
  0.675559854566D-03  0.373901770146D-02 -0.119319200361D-01  0.138687567907D-02
  0.118372981866D-01 -0.265861821830D-02  0.673129925557D-03 -0.674547899478D-03
  0.671715243127D-02  0.983687552931D-02  0.873028666953D-02  0.594833567264D-03
  0.239925388121D-04  0.131093684405D-02  0.441008425148D-02 -0.129738891880D-02
  0.131086681544D-02 -0.440983874382D-02 -0.129744166412D-02 -0.674499157653D-03
  0.671643690921D-02  0.983652512213D-02 -0.873026816315D-02  0.594288624778D-03
  0.239466401868D-04  0.373867878869D-02 -0.119374613596D-01  0.138989083965D-02
 -0.334365207537D-02  0.674826488028D-02  0.106589564129D-01 -0.334413395898D-02
  0.674640527059D-02  0.106586501428D-01  0.414608541934D+00 -0.283670610721D-02
 -0.156348365532D-02 -0.732898742425D-03 -0.100936065606D-02  0.651327724327D-02
 -0.173151999387D-02 -0.283651492191D-02  0.156229015708D-02 -0.729821900900D-03
  0.176900709470D-02 -0.153347900107D-02 -0.257367924390D-02 -0.460998974353D-02
 -0.148487807268D-03 -0.195685505073D-03 -0.663890304676D-03 -0.262791889234D-02
  0.258675965920D-02 -0.664088459255D-03  0.262770351030D-02  0.258708145948D-02
  0.176913322453D-02 -0.153367393071D-02 -0.257406451550D-02  0.461000210690D-02
 -0.148206016653D-03 -0.195626014879D-03 -0.100955411812D-02  0.651614136579D-02
 -0.173735046462D-02  0.496350467464D-02 -0.226875364146D-02 -0.277465778472D-02
  0.496417347152D-02 -0.226905370877D-02 -0.277471216829D-02  0.374238136789D-02
  0.395115642464D+00 -0.137914666309D-01 -0.121127781359D-03  0.105018849111D-02
 -0.399219415986D-02  0.214616957062D-02  0.288618192615D-02 -0.137940294450D-01
  0.120927173954D-03  0.104499306976D-02 -0.438613656054D-02 -0.807245121366D-02
 -0.107662275636D-01 -0.207102622530D-02 -0.674012711670D-03  0.583218264588D-03
 -0.402190430927D-03 -0.834306312101D-04 -0.581145066863D-02 -0.401417208139D-03
  0.836482941825D-04 -0.581238402292D-02 -0.438663680310D-02 -0.807043845527D-02
 -0.107643093198D-01  0.207095060728D-02 -0.673864248106D-03  0.583115713720D-03
 -0.399091537800D-02  0.214768344093D-02  0.289910474955D-02 -0.949702033582D-02
 -0.576673026602D-02 -0.117113700560D-01 -0.949823928587D-02 -0.576216382113D-02
 -0.117106020090D-01  0.397839293619D-02 -0.578805215085D-02  0.566040348098D-01
  0.118339321279D-01  0.266083168986D-02  0.675830417222D-03  0.373835250191D-02
 -0.119321339774D-01  0.138759219437D-02  0.118349374305D-01 -0.265874469388D-02
  0.673399202249D-03 -0.675554236328D-03  0.671575877699D-02  0.983506740185D-02
  0.873033275619D-02  0.594719161047D-03  0.241225652713D-04  0.131092364652D-02
  0.441031989085D-02 -0.129874552542D-02  0.131085378443D-02 -0.441007432104D-02
 -0.129879847966D-02 -0.675505602038D-03  0.671504365768D-02  0.983471739760D-02
 -0.873031426541D-02  0.594174219917D-03  0.240766413816D-04  0.373801385168D-02
 -0.119376752863D-01  0.139061037912D-02 -0.334593950754D-02  0.674738160659D-02
  0.106569871648D-01 -0.334642168778D-02  0.674552289703D-02  0.106566810465D-01
 -0.827314258955D-02  0.374132023763D-02  0.398103106383D-02  0.414609333350D+00
 -0.283736158311D-02 -0.156361319419D-02 -0.732925171532D-03 -0.100956553873D-02
  0.651386774120D-02 -0.173156988616D-02 -0.283717046182D-02  0.156241959371D-02
 -0.729848243420D-03  0.176901353479D-02 -0.153385245557D-02 -0.257421983761D-02
 -0.461042478906D-02 -0.148520634210D-03 -0.195683180561D-03 -0.663956176130D-03
 -0.262813289997D-02  0.258678773383D-02 -0.664154322697D-03  0.262791750735D-02
  0.258710953108D-02  0.176913965927D-02 -0.153404733853D-02 -0.257460508078D-02
  0.461043715109D-02 -0.148238816326D-03 -0.195623688758D-03 -0.100975897674D-02
  0.651673214104D-02 -0.173740042564D-02  0.496360978682D-02 -0.226911482020D-02
 -0.277524382791D-02  0.496427859974D-02 -0.226941477018D-02 -0.277529819206D-02
  0.374280570169D-02 -0.453499246521D-03 -0.578817948073D-02  0.374174456779D-02
  0.395115209169D+00 -0.137989223314D-01 -0.121458445797D-03  0.105059267520D-02
 -0.399438479137D-02  0.214837631651D-02  0.288734144563D-02 -0.138014864072D-01
  0.121257531348D-03  0.104539515969D-02 -0.438804732273D-02 -0.807679332709D-02
 -0.107721097266D-01 -0.207286696843D-02 -0.674378782834D-03  0.583479150316D-03
 -0.402508023721D-03 -0.839257152377D-04 -0.581394048496D-02 -0.401734444492D-03
  0.841434510402D-04 -0.581487425527D-02 -0.438854779626D-02 -0.807477958555D-02
 -0.107701905802D-01  0.207279131434D-02 -0.674230195705D-03  0.583376557897D-03
 -0.399310539688D-02  0.214989144519D-02  0.290026979208D-02 -0.950096227456D-02
 -0.577003437114D-02 -0.117177642988D-01 -0.950218172509D-02 -0.576546567123D-02
 -0.117169958732D-01  0.398104764993D-02 -0.579105411864D-02  0.109256758601D-01
  0.398368692733D-02 -0.579118155002D-02  0.566130732831D-01 -0.198061149720D-02
 -0.917853239490D-03 -0.404535305599D-03 -0.683483717726D-03  0.386179945195D-02
 -0.946330236331D-03 -0.198055914537D-02  0.917150076146D-03 -0.402855266499D-03
  0.933422085024D-03 -0.108502209078D-02 -0.175638936381D-02 -0.274614210241D-02
 -0.102562483142D-03 -0.100976604874D-03 -0.397890082630D-03 -0.153994519273D-02
  0.137890353740D-02 -0.397988089993D-03  0.153982419583D-02  0.137907018896D-02
  0.933484281445D-03 -0.108508941319D-02 -0.175657028092D-02  0.274614758136D-02
 -0.102394114141D-03 -0.100944170360D-03 -0.683567233348D-03  0.386351086959D-02
 -0.949442328105D-03  0.268428418832D-02 -0.146177872460D-02 -0.189597142327D-02
  0.268464728683D-02 -0.146184825095D-02 -0.189598540794D-02  0.228268150358D-02
 -0.399758174770D-03 -0.313376977116D-02  0.228212176043D-02 -0.399887419599D-03
 -0.313542169961D-02  0.537160780127D+00 -0.660875104008D-02 -0.279715342410D-02
 -0.118609549154D-02 -0.224811898026D-02  0.118381043962D-01 -0.275645213402D-02
 -0.660870029693D-02  0.279500597250D-02 -0.118120493490D-02  0.265368054314D-02
 -0.364231465876D-02 -0.579860316116D-02 -0.844119600858D-02 -0.340522474758D-03
 -0.282468808652D-03 -0.122737322308D-02 -0.468790380602D-02  0.394844809784D-02
 -0.122763861518D-02  0.468754496016D-02  0.394891551950D-02  0.265384855928D-02
 -0.364243422969D-02 -0.579907227833D-02  0.844120947347D-02 -0.340004026003D-03
 -0.282374487721D-03 -0.224831888509D-02  0.118433744664D-01 -0.276537169459D-02
  0.776325346056D-02 -0.469075233169D-02 -0.626321507006D-02  0.776430636399D-02
 -0.469077048695D-02 -0.626322509201D-02  0.711214704399D-02 -0.146108636512D-02
 -0.907025107839D-02  0.711055605189D-02 -0.146148490697D-02 -0.907508475427D-02
 -0.106583522683D-02  0.581455935826D+00 -0.409542335116D-02 -0.168292042073D-02
 -0.703894354715D-03 -0.138697863718D-02  0.713687317239D-02 -0.163189648086D-02
 -0.409541546766D-02  0.168162744632D-02 -0.700999668370D-03  0.155685974484D-02
 -0.226129431361D-02 -0.358159416149D-02 -0.509374267436D-02 -0.210697568782D-03
 -0.164691478579D-03 -0.741536490443D-03 -0.281944350460D-02  0.232278364104D-02
 -0.741689236627D-03  0.281922966225D-02  0.232305644822D-02  0.155695635168D-02
 -0.226134843776D-02 -0.358185929259D-02  0.509375010280D-02 -0.210384529108D-03
 -0.164635671428D-03 -0.138708754413D-02  0.714005528573D-02 -0.163714547100D-02
  0.458398089376D-02 -0.287133379906D-02 -0.386929706557D-02  0.458460321343D-02
 -0.287130439841D-02 -0.386929631045D-02  0.431146233173D-02 -0.929613229669D-03
 -0.535726878749D-02  0.431052900407D-02 -0.929853986052D-03 -0.536013524309D-02
 -0.668525132039D-03 -0.226041187453D-02  0.539116415540D+00 -0.198135148008D-02
 -0.918851477834D-03 -0.405090609353D-03 -0.683819245701D-03  0.386582842441D-02
 -0.947674145722D-03 -0.198129880274D-02  0.918147561012D-03 -0.403408176909D-03
  0.934908544649D-03 -0.108537341615D-02 -0.175719857585D-02 -0.274895017456D-02
 -0.102604998541D-03 -0.101148772417D-03 -0.398286272958D-03 -0.154163252569D-02
  0.138102960376D-02 -0.398384469077D-03  0.154151137277D-02  0.138119653642D-02
  0.934970861854D-03 -0.108544102307D-02 -0.175737989270D-02  0.274895566745D-02
 -0.102436459620D-03 -0.101116291462D-03 -0.683902986956D-03  0.386754156873D-02
 -0.950791015688D-03  0.268823315974D-02 -0.146278598034D-02 -0.189683558606D-02
  0.268859678556D-02 -0.146285606053D-02 -0.189684966641D-02  0.228477978580D-02
 -0.399593522265D-03 -0.313836263626D-02  0.228421915045D-02 -0.399722896133D-03
 -0.314001685642D-02 -0.306776818031D-03 -0.106606113584D-02 -0.668701515041D-03
  0.537160750471D+00 -0.660717456238D-02 -0.279680862793D-02 -0.118601142426D-02
 -0.224762215232D-02  0.118365530027D-01 -0.275628189904D-02 -0.660712368080D-02
  0.279466144711D-02 -0.118112116543D-02  0.265360733844D-02 -0.364141920965D-02
 -0.579729522367D-02 -0.844005928204D-02 -0.340443310153D-03 -0.282467579202D-03
 -0.122720223921D-02 -0.468733268832D-02  0.394829885664D-02 -0.122746764286D-02
  0.468697387354D-02  0.394876627448D-02  0.265377536250D-02 -0.364153887967D-02
 -0.579776439237D-02  0.844007274956D-02 -0.339924932414D-03 -0.282373263882D-03
 -0.224782210512D-02  0.118418223508D-01 -0.276520111089D-02  0.776285120366D-02
 -0.468986027273D-02 -0.626179768044D-02  0.776390404864D-02 -0.468987868339D-02
 -0.626180774452D-02  0.711106330319D-02 -0.146058332458D-02 -0.906977124087D-02
  0.710947235450D-02 -0.146098181110D-02 -0.907460458765D-02 -0.106552967120D-02
 -0.362524578292D-02 -0.225983655693D-02 -0.106575529383D-02  0.581457846620D+00
 -0.409642037606D-02 -0.168210540709D-02 -0.703310376050D-03 -0.138716646691D-02
  0.713377738155D-02 -0.163044290593D-02 -0.409641306243D-02  0.168081303510D-02
 -0.700418284833D-03  0.155511247760D-02 -0.226194584260D-02 -0.358218015135D-02
 -0.509165222107D-02 -0.210741019627D-03 -0.164480315504D-03 -0.741254402278D-03
 -0.281805170162D-02  0.232033853299D-02 -0.741406901316D-03  0.281783801430D-02
  0.232061099762D-02  0.155520892566D-02 -0.226199949522D-02 -0.358244472624D-02
  0.509165962910D-02 -0.210428103745D-03 -0.164424558913D-03 -0.138727503700D-02
  0.713695823756D-02 -0.163568641698D-02  0.457959092477D-02 -0.287117104349D-02
 -0.386994786144D-02  0.458021266399D-02 -0.287114064917D-02 -0.386994693710D-02
  0.431018434858D-02 -0.930426390258D-03 -0.535217755447D-02  0.430925207031D-02
 -0.930667054337D-03 -0.535504157837D-02 -0.668882757476D-03 -0.226128418181D-02
 -0.140690173090D-02 -0.669060066464D-03 -0.226070904601D-02  0.539115449944D+00
  0.172116824996D-01  0.439468412675D-02  0.130654459693D-02  0.550137737925D-02
 -0.194251102918D-01  0.281108296228D-02  0.172128996878D-01 -0.439125579534D-02
  0.130159488028D-02 -0.189346409557D-02  0.972435540626D-02  0.144269645870D-01
  0.141245170028D-01  0.868340305000D-03  0.142724970878D-03  0.210484013640D-02
  0.730483504287D-02 -0.317869724024D-02  0.210486033616D-02 -0.730438916134D-02
 -0.317894946556D-02 -0.189347146069D-02  0.972352296552D-02  0.144267214626D-01
 -0.141244996293D-01  0.867462041910D-03  0.142630697275D-03  0.550104050502D-02
 -0.194340402916D-01  0.281836743920D-02 -0.722523138139D-02  0.101828181589D-01
  0.156246359204D-01 -0.722624625195D-02  0.101805374158D-01  0.156242631095D-01
 -0.130299077483D-01  0.519009661240D-02  0.853000725313D-02 -0.130287768131D-01
  0.519077842632D-02  0.853521074341D-02  0.323571187897D-02  0.102038872760D-01
  0.621062618585D-02  0.323838409285D-02  0.102021732204D-01  0.620940338085D-02
  0.394776337688D+00  0.215434558840D-02 -0.199850733642D-03 -0.298975303474D-03
  0.596851151619D-03  0.528115801278D-03 -0.781465931858D-03  0.215484806109D-02
  0.199718231720D-03 -0.297574282960D-03  0.106497096956D-02  0.127903151319D-02
  0.163069894048D-02 -0.271419690142D-03  0.103885547377D-03 -0.135985845463D-03
 -0.198113631013D-04 -0.358195821576D-03  0.144558085924D-02 -0.199829373927D-04
  0.358124829247D-03  0.144579971218D-02  0.106508167687D-02  0.127863051889D-02
  0.163028840935D-02  0.271435471883D-03  0.103898082319D-03 -0.135958367834D-03
  0.596586485909D-03  0.528242300559D-03 -0.784691584233D-03  0.246704325928D-02
  0.746873108321D-03  0.177740321737D-02  0.246736441757D-02  0.745983569372D-03
  0.177725304602D-02 -0.205678542462D-03  0.100897231455D-02 -0.284840089826D-02
 -0.206318681474D-03  0.100896524642D-02 -0.284966586841D-02  0.524332183070D-03
  0.147437251992D-02  0.861351035531D-03  0.525207366918D-03  0.147435505969D-02
  0.860291214140D-03 -0.843946758447D-03  0.419616420330D+00  0.269662068396D-06
  0.543677630087D-07  0.115362877566D-07  0.844200966092D-07 -0.247175033026D-06
  0.221511587965D-07  0.269687901443D-06 -0.543248981851D-07  0.114977676961D-07
 -0.451686307564D-08  0.153550050472D-06  0.222650793345D-06  0.181902303698D-06
  0.135118567426D-07 -0.735633993636D-09  0.275057378996D-07  0.898676878318D-07
 -0.141939346134D-07  0.275026914250D-07 -0.898631513357D-07 -0.141930491678D-07
 -0.451482224792D-08  0.153531275345D-06  0.222639642245D-06 -0.181901768667D-06
  0.135004621807D-07 -0.736352331113D-09  0.844105208802D-07 -0.247290909022D-06
  0.221853691981D-07 -0.480786478639D-07  0.149345398556D-06  0.241353256626D-06
 -0.480858910856D-07  0.149297997229D-06  0.241345416313D-06 -0.176614694231D-06
  0.882562303329D-07  0.580002103946D-07 -0.176612074597D-06  0.882651276072D-07
  0.580447208062D-07  0.530000327244D-07  0.163676874230D-06  0.989264582983D-07
  0.530523436223D-07  0.163653826319D-06  0.988897851296D-07 -0.282899333979D-06
  0.179285911296D-08  0.416921070724D+00  0.242002301420D-02  0.138233680949D-03
 -0.112132741616D-03  0.714831114586D-03 -0.838242328619D-03 -0.329660657966D-03
  0.242041810300D-02 -0.138110874111D-03 -0.111536272241D-03  0.566554213760D-03
  0.140684417847D-02  0.191648875526D-02  0.681522872004D-03  0.119019831558D-03
 -0.783399253304D-04  0.114759996897D-03  0.213138550740D-03  0.732193253726D-03
  0.114651475517D-03 -0.213156964954D-03  0.732317968650D-03  0.566624579741D-03
  0.140653729197D-02  0.191621144729D-02 -0.681511725674D-03  0.118974677190D-03
 -0.783280573189D-04  0.714641430902D-03 -0.838702058872D-03 -0.331282867484D-03
  0.114056609496D-02  0.109421531151D-02  0.208283526955D-02  0.114071007527D-02
  0.109350825282D-02  0.208271664437D-02 -0.920419713967D-03  0.959591123591D-03
 -0.130550025631D-02 -0.920760697570D-03  0.959627881215D-03 -0.130599433953D-02
  0.531276983510D-03  0.156082242633D-02  0.926953162155D-03  0.531998560777D-03
  0.156070748527D-02  0.926201235519D-03 -0.175799375753D-02  0.378558042531D-03
 -0.159806214057D-07  0.166228409253D-01 -0.178926676599D-01 -0.307312209553D-03
  0.126987216409D-02 -0.519773301567D-02  0.337699277113D-02  0.351751646186D-02
 -0.178959224762D-01  0.306939488800D-03  0.126353636538D-02 -0.542974594904D-02
 -0.104605888920D-01 -0.140028660949D-01 -0.309525150950D-02 -0.875407127106D-03
  0.725844296472D-03 -0.578512504621D-03 -0.363050614050D-03 -0.717048337382D-02
 -0.577544209014D-03  0.363307613122D-03 -0.717164413717D-02 -0.543037259733D-02
 -0.104580370260D-01 -0.140004535294D-01  0.309515612946D-02 -0.875189992211D-03
  0.725719114752D-03 -0.519611851276D-02  0.337920597216D-02  0.353345369728D-02
 -0.116460817966D-01 -0.758726021161D-02 -0.152297096948D-01 -0.116475734838D-01
 -0.758145678977D-02 -0.152287339782D-01  0.544684756701D-02 -0.743730471321D-02
  0.133846516235D-01  0.545011367440D-02 -0.743748841146D-02  0.133901310283D-01
 -0.404177253213D-02 -0.117280105927D-01 -0.693355600657D-02 -0.404762291692D-02
 -0.117273486007D-01 -0.692713235208D-02  0.114019099297D-01 -0.353977950419D-02
  0.826973287861D-07 -0.157385605428D-02  0.310857962331D-01 -0.100620852139D-04
 -0.133483194497D-06  0.738383322696D-06 -0.291817458377D-05  0.174384144999D-05
  0.203755065284D-05 -0.100639339510D-04  0.133303050979D-06  0.734714349201D-06
 -0.312175451665D-05 -0.588584072074D-05 -0.786543995843D-05 -0.163366779856D-05
 -0.492040309296D-06  0.416254398032D-06 -0.310472607385D-06 -0.137415694826D-06
 -0.412907481831D-05 -0.309918946240D-06  0.137566871575D-06 -0.412974071855D-05
 -0.312211277271D-05 -0.588439009014D-05 -0.786406329520D-05  0.163361344708D-05
 -0.491924625500D-06  0.416181940827D-06 -0.291725498414D-05  0.174502079593D-05
  0.204673010904D-05 -0.672611064387D-05 -0.423907752104D-05 -0.855519716403D-05
 -0.672697301526D-05 -0.423578223479D-05 -0.855464303261D-05  0.298831898740D-05
 -0.420127672699D-05  0.773237950986D-05  0.299019671198D-05 -0.420137518397D-05
  0.773556141314D-05 -0.227918229915D-05 -0.660568348280D-05 -0.390354600376D-05
 -0.228250067222D-05 -0.660532154409D-05 -0.389988604683D-05  0.632411831791D-05
 -0.203139854343D-05  0.445540841804D-10 -0.916469513986D-06  0.946650401810D-05
  0.156013215424D-01
$end
