level        4
        0.6709893918        0.0000031034        0.0033783653
        0.0000031034        0.1473993132        0.0000097969
        0.0033783653        0.0000097969        0.6956733440
       -0.1415889026        0.0000007001       -0.0246747891
        0.0000024487       -0.0592255115        0.0000014837
       -0.0889092557       -0.0000000440       -0.3078145928
        0.7664736659        0.0000034278       -0.0593083682
        0.0000034278        0.1300185250       -0.0000066122
       -0.0593083682       -0.0000066122        0.7475195556
       -0.0187517850       -0.0000009070       -0.0926701942
        0.0000004405        0.0058716199       -0.0000014457
       -0.0346475245        0.0000005399        0.0156299779
       -0.3715296615        0.0000005989        0.0055999611
        0.0000013421       -0.0572881068        0.0000011468
       -0.0813623340        0.0000002400       -0.1419651272
        0.7325715807       -0.0000030735        0.0522625589
       -0.0000030735        0.1317112845       -0.0000057232
        0.0522625589       -0.0000057232        0.7814549520
        0.0117762047        0.0000000387        0.0125882222
       -0.0000000388       -0.0090497591        0.0000003573
        0.0125881631       -0.0000003573       -0.0669253281
       -0.0520549603       -0.0000009849        0.0105961647
       -0.0000006123        0.0033386845       -0.0000005858
        0.0671575569        0.0000000256        0.0504022601
       -0.1965623741        0.0000025397        0.1299466244
        0.0000019366       -0.0610045924        0.0000014063
        0.0616600389        0.0000018875       -0.2532753945
        0.6709893023       -0.0000031027        0.0033785881
       -0.0000031027        0.1473993001       -0.0000097982
        0.0033785881       -0.0000097982        0.6956730770
       -0.0520549622        0.0000006113        0.0671576094
        0.0000009847        0.0033387735       -0.0000000259
        0.0105962448        0.0000005852        0.0504022849
       -0.0397409631       -0.0000003061       -0.0337991293
        0.0000003064       -0.0060889645        0.0000002215
       -0.0337991957       -0.0000002215       -0.0245146759
        0.0612836040       -0.0000009966       -0.0019253824
       -0.0000000506        0.0063171403       -0.0000001733
        0.0430750555       -0.0000008609       -0.0549378322
       -0.1415888075       -0.0000007008       -0.0246748322
       -0.0000024484       -0.0592253901       -0.0000014834
       -0.0889093647        0.0000000434       -0.3078144898
        0.7664729894       -0.0000034214       -0.0593082665
       -0.0000034214        0.1300184152        0.0000066071
       -0.0593082665        0.0000066071        0.7475191907
        0.0119962240        0.0000004182       -0.0127721091
       -0.0000011671        0.0024886631       -0.0000004790
        0.0213047738        0.0000003537       -0.0139143290
       -0.1892307810       -0.0000043841        0.1596430080
       -0.0000047248       -0.0358942973        0.0000054782
        0.1610021507        0.0000045515       -0.2619440091
       -0.0127922021       -0.0000001039        0.0270369134
        0.0000004534        0.0042024322        0.0000000382
       -0.0103396382       -0.0000001632        0.0080813541
       -0.0036841314        0.0000000456       -0.0039029789
       -0.0000000354        0.0082342172       -0.0000000487
       -0.0017846794        0.0000001904       -0.0001541252
       -0.0004225052       -0.0000000362       -0.0012213125
       -0.0000000728       -0.0020881607        0.0000000329
       -0.0012814226        0.0000000328        0.0000915073
        0.1965950104        0.0000036214       -0.1665217840
        0.0000036214        0.0260917789       -0.0000050235
       -0.1665217840       -0.0000050235        0.2682284168
       -0.0050736052        0.0000001307        0.0022117790
       -0.0000002112        0.0081869361       -0.0000000748
        0.0001385017        0.0000001005        0.0011482330
       -0.0054234128        0.0000003049       -0.0312245877
       -0.0000001667        0.0037505883        0.0000001984
        0.0058717133       -0.0000000548        0.0011930798
       -0.1003499352        0.0000014510       -0.1060958448
        0.0000015315       -0.0348751972        0.0000042566
       -0.1061917171        0.0000039976       -0.3494310848
        0.0093024854       -0.0000001783        0.0216781411
        0.0000003582        0.0021851277       -0.0000002605
       -0.0129169126        0.0000003818       -0.0140782445
       -0.0040116496        0.0000000932        0.0019948715
        0.0000000590        0.0058872180       -0.0000001092
        0.0041531504        0.0000000681       -0.0012240639
        0.0019111754        0.0000000175        0.0000606408
        0.0000000529       -0.0044914059       -0.0000001208
        0.0001662017       -0.0000000517        0.0011156415
        0.1031492616       -0.0000014302        0.1100801342
       -0.0000014302        0.0268124236       -0.0000041430
        0.1100801342       -0.0000041430        0.3596299693
       -0.0036841328       -0.0000000457       -0.0039029058
        0.0000000356        0.0082342489        0.0000000484
       -0.0017846227       -0.0000001903       -0.0001542344
       -0.0004225741        0.0000000363       -0.0012212688
        0.0000000730       -0.0020881941       -0.0000000328
       -0.0012813792       -0.0000000329        0.0000915057
       -0.0019486160        0.0000001470       -0.0023457347
       -0.0000002228        0.0061258153        0.0000002016
       -0.0044806645       -0.0000000618       -0.0032998644
        0.0119961883       -0.0000004180       -0.0127721269
        0.0000011670        0.0024886832        0.0000004784
        0.0213047537       -0.0000003534       -0.0139142690
       -0.1892307341        0.0000043810        0.1596429708
        0.0000047223       -0.0358942542       -0.0000054741
        0.1610021371       -0.0000045480       -0.2619439350
       -0.0001330950        0.0000000057        0.0001324538
       -0.0000000056       -0.0014852745       -0.0000000167
        0.0001324384        0.0000000167       -0.0001285449
        0.0004351363       -0.0000000464       -0.0006233655
       -0.0000000360       -0.0001081469       -0.0000000358
        0.0010003386        0.0000000147       -0.0007873413
        0.1965949979       -0.0000036181       -0.1665219459
       -0.0000036181        0.0260916665        0.0000050199
       -0.1665219459        0.0000050199        0.2682284914
       -0.0068230720        0.0000000842       -0.0006342629
       -0.0000010568       -0.0016449382        0.0000002978
        0.0010295428        0.0000000518        0.0004473655
        0.0071037451        0.0000006585        0.0060513544
        0.0000007712        0.0157909414        0.0000008382
        0.0012831610        0.0000033176       -0.0045054568
       -0.0451342169       -0.0000017054        0.0079421103
       -0.0000011343        0.0165108783        0.0000009547
        0.0309651426        0.0000032725        0.0054983309
       -0.2278023902        0.0000004679       -0.0255733757
        0.0000102086       -0.0579083359        0.0000087128
       -0.0559828636        0.0000094906       -0.1185761525
       -0.0259310275        0.0000027785       -0.0223147755
       -0.0000001625       -0.0066080213       -0.0000009908
       -0.0321838321       -0.0000029661        0.0006148649
       -0.0001377602        0.0000001209       -0.0000698596
       -0.0000000471        0.0017519303        0.0000001159
        0.0002317830        0.0000004994       -0.0004212934
        0.0017460909       -0.0000002806       -0.0021814551
       -0.0000002890       -0.0010272844        0.0000000073
        0.0007740801        0.0000003871        0.0019180240
       -0.0002420206       -0.0000008903        0.0016029397
       -0.0000002564       -0.0052757216        0.0000000621
        0.0021727501       -0.0000000786        0.0020937696
        0.7301761253        0.0000427968       -0.1268644395
        0.0000427968        0.1277733143       -0.0001787422
       -0.1268644395       -0.0001787422        0.8329797977
        0.0021409535        0.0000000899        0.0011412593
        0.0000001136       -0.0017934486       -0.0000005642
       -0.0033033160       -0.0000003641        0.0017032345
       -0.0032463483        0.0000000347       -0.0008556690
       -0.0000006753       -0.0125215649       -0.0000011290
        0.0025885327       -0.0000023445        0.0030290181
        0.0037776332        0.0000004577       -0.0073721715
        0.0000011679       -0.0062255024       -0.0000001239
       -0.0061771225       -0.0000029500        0.0007493722
       -0.0491442638       -0.0000052814        0.0195535924
       -0.0000029344        0.0062571703       -0.0000017112
        0.0154710933       -0.0000033542        0.0152027195
        0.0042449384       -0.0000011525        0.0067338782
        0.0000007881        0.0129278461        0.0000006220
       -0.0065781661        0.0000033367       -0.0062196622
       -0.0004831892       -0.0000000863       -0.0002325664
       -0.0000000012       -0.0025305938       -0.0000000604
       -0.0017951491       -0.0000005212       -0.0012419688
       -0.0002131264       -0.0000002134       -0.0000073582
        0.0000000322       -0.0014199370       -0.0000001075
       -0.0021022150       -0.0000005593        0.0007746302
       -0.0007627645       -0.0000002968        0.0005246689
        0.0000002176        0.0026109080        0.0000002038
       -0.0005666613       -0.0000001766        0.0012386429
       -0.3655243809       -0.0000668993        0.2371318704
       -0.0000638530       -0.0568561740        0.0000809932
        0.2153341974        0.0000777951       -0.3456459628
        0.8443232028        0.0000312360       -0.0938003976
        0.0000312360        0.1162728306       -0.0001992679
       -0.0938003976       -0.0001992679        0.8218173260
        0.0000442661        0.0000002141       -0.0006039640
        0.0000000454        0.0001991621        0.0000002281
       -0.0002457718       -0.0000000223        0.0003569718
       -0.0004415038        0.0000001405       -0.0005259543
       -0.0000003168       -0.0013249632       -0.0000002875
        0.0003457060       -0.0000006375        0.0000911688
       -0.0005780741       -0.0000000316        0.0001385700
        0.0000006544       -0.0017905234       -0.0000000434
        0.0002761600       -0.0000006963       -0.0002751295
        0.0015340903        0.0000001230       -0.0007783795
       -0.0000001015       -0.0079023259       -0.0000027095
       -0.0013515578       -0.0000024211        0.0000185149
       -0.0007861863       -0.0000003429        0.0017762904
       -0.0000005243        0.0017250587        0.0000003482
       -0.0012832900        0.0000003562        0.0003057830
       -0.0001216033        0.0000000314       -0.0000961038
       -0.0000000055       -0.0003633915        0.0000000021
       -0.0000859250       -0.0000001293       -0.0000689707
       -0.0000575236       -0.0000000210       -0.0000271511
        0.0000000687       -0.0004559698       -0.0000000092
       -0.0001266450       -0.0000001751        0.0000047304
       -0.0010196576       -0.0000004911       -0.0008107370
       -0.0000006293        0.0006703193       -0.0000002828
       -0.0000047360        0.0000001644        0.0006196182
        0.0104970201       -0.0000085857        0.0297976581
        0.0000045331        0.0011495180        0.0000043562
       -0.0074189491        0.0000040987       -0.0139490743
       -0.0755182090        0.0000160388       -0.0551596649
        0.0000146806       -0.0336508278        0.0001027726
       -0.0559073757        0.0001012314       -0.3848861019
        0.0674118078       -0.0000155170        0.0564931654
       -0.0000155170        0.0231870755       -0.0001070931
        0.0564931654       -0.0001070931        0.3968905856
        0.0000972119       -0.0000002034        0.0007246883
        0.0000003237       -0.0003288524       -0.0000001214
        0.0000703071       -0.0000000475       -0.0000277595
        0.0006934604       -0.0000000692        0.0006357361
       -0.0000001763        0.0013150142       -0.0000000867
       -0.0002309744        0.0000004429       -0.0002324437
        0.0021962350       -0.0000000223       -0.0026175730
        0.0000000696        0.0013001472       -0.0000005249
        0.0022540428        0.0000001397        0.0015789572
       -0.0066498454        0.0000074635       -0.0313924035
       -0.0000049919        0.0023079801       -0.0000010106
        0.0034023992        0.0000008753       -0.0026489731
       -0.0056307958        0.0000006819        0.0013880448
        0.0000004064        0.0012980892        0.0000006292
        0.0003097878        0.0000002640        0.0009420184
        0.0001324513       -0.0000000041        0.0001215161
        0.0000000000        0.0003338030        0.0000000155
       -0.0001124410        0.0000001448       -0.0001024110
        0.0001409552        0.0000000689        0.0005210879
        0.0000000367        0.0004316135       -0.0000000909
       -0.0007134740        0.0000003359        0.0001217855
       -0.0001426284        0.0000001229       -0.0001282835
        0.0000000120       -0.0004135916       -0.0000000080
        0.0001835335       -0.0000001706        0.0002183144
       -0.0769292879        0.0000205713       -0.0738482366
        0.0000226395       -0.0390259770        0.0000847026
       -0.0701419003        0.0000846656       -0.3656363352
        0.0073554148       -0.0000079088        0.0287891643
        0.0000013140        0.0035325248        0.0000065468
       -0.0090234767        0.0000049114       -0.0145065046
       -0.0037200836       -0.0000009990        0.0021026291
       -0.0000007782        0.0128133074        0.0000036183
        0.0022076349        0.0000030962       -0.0003767682
        0.0820382032       -0.0000179241        0.0714490212
       -0.0000179241        0.0286381285       -0.0000912598
        0.0714490212       -0.0000912598        0.3804031373
        0.0000527695       -0.0000001157        0.0005511461
        0.0000000707       -0.0006186172       -0.0000000795
       -0.0000765177        0.0000000851       -0.0004310016
        0.0001068859        0.0000001589        0.0006902876
        0.0000002095       -0.0001656051        0.0000005987
       -0.0003302279        0.0000000936       -0.0005807482
       -0.0000651141        0.0000000232       -0.0006480912
       -0.0000011646        0.0019604191       -0.0000003738
        0.0004007449        0.0000003468        0.0009645427
        0.0002015643       -0.0000004121        0.0023576727
        0.0000000126        0.0130073882        0.0000045154
        0.0012923487        0.0000041109       -0.0027367760
        0.0001325714        0.0000000550       -0.0000257125
        0.0000005871       -0.0011639407        0.0000000663
        0.0002461485       -0.0000006335       -0.0002505015
       -0.0000275091        0.0000000184       -0.0000006251
       -0.0000000620        0.0000948903       -0.0000000188
       -0.0001162402        0.0000000598       -0.0001473088
        0.0000296708        0.0000000134        0.0000669892
       -0.0000000028        0.0005968056       -0.0000000034
       -0.0002779906        0.0000001567        0.0001277905
        0.0000784738       -0.0000000081       -0.0000030178
        0.0000000480        0.0000458104       -0.0000000695
        0.0005018993        0.0000001123        0.0005229019
       -0.0151962387        0.0000030346       -0.0128252694
       -0.0000081883        0.0049742202       -0.0000030321
        0.0270026639       -0.0000008004        0.0103665637
       -0.3638646740        0.0000252157       -0.0984789360
        0.0000255198       -0.0305759348        0.0000179778
       -0.1000442302        0.0000174727       -0.0954768164
        0.0017377815       -0.0000022570        0.0075195407
        0.0000079744        0.0016002443        0.0000008782
       -0.0283042107        0.0000003987       -0.0013179926
        0.0016070404        0.0000001110       -0.0002358891
        0.0000003459       -0.0082927489       -0.0000025933
       -0.0002841010       -0.0000029500        0.0020649140
        0.3757023955       -0.0000249662        0.0990077259
       -0.0000249662        0.0228612068       -0.0000183451
        0.0990077259       -0.0000183451        0.0900594916
       -0.2278023771       -0.0000004669       -0.0255733586
       -0.0000102089       -0.0579083689       -0.0000087128
       -0.0559828570       -0.0000094909       -0.1185761815
       -0.0259310142       -0.0000027789       -0.0223147208
        0.0000001623       -0.0066080078        0.0000009907
       -0.0321837880        0.0000029662        0.0006148807
        0.0116167473       -0.0000007218       -0.0019134328
       -0.0000000742       -0.0066799185       -0.0000008399
       -0.0016193775        0.0000038362       -0.0057695128
       -0.0068230229       -0.0000000857       -0.0006342586
        0.0000010570       -0.0016449309       -0.0000002981
        0.0010295371       -0.0000000526        0.0004473777
        0.0071038349       -0.0000006574        0.0060513320
       -0.0000007712        0.0157908757       -0.0000008381
        0.0012831483       -0.0000033180       -0.0045054871
       -0.0002420125        0.0000008903        0.0016029238
        0.0000002565       -0.0052757148       -0.0000000622
        0.0021727543        0.0000000786        0.0020937736
        0.0000041838        0.0000002450        0.0001487866
       -0.0000000523       -0.0023219819       -0.0000000821
       -0.0001988014        0.0000005189       -0.0004143907
       -0.0001377809       -0.0000001209       -0.0000698495
        0.0000000471        0.0017519434       -0.0000001158
        0.0002317873       -0.0000004995       -0.0004212913
        0.0042549236        0.0000002187       -0.0015956627
       -0.0000002200       -0.0015808955       -0.0000020063
       -0.0015956733        0.0000020062        0.0003406430
       -0.0014932548       -0.0000002175        0.0005825818
       -0.0000002340        0.0105568172        0.0000000425
        0.0008181230       -0.0000040045        0.0014662032
        0.0002334610       -0.0000000712       -0.0001256692
        0.0000002973        0.0028096255        0.0000004899
       -0.0013306380       -0.0000007097        0.0009320433
       -0.0002257969       -0.0000002241        0.0000587319
       -0.0000004381       -0.0017884701       -0.0000005117
        0.0015528812        0.0000005146       -0.0005253572
       -0.0001928086       -0.0000000683        0.0001104427
       -0.0000003296       -0.0005994654       -0.0000000777
        0.0006921989        0.0000000906       -0.0012140230
        0.7301757837       -0.0000427991       -0.1268643534
       -0.0000427991        0.1277734103        0.0001787569
       -0.1268643534        0.0001787569        0.8329798186
       -0.0066498098       -0.0000074641       -0.0313923964
        0.0000049919        0.0023079762        0.0000010108
        0.0034024385       -0.0000008754       -0.0026490226
       -0.0056308043       -0.0000006820        0.0013880517
       -0.0000004067        0.0012980972       -0.0000006292
        0.0003097976       -0.0000002640        0.0009420230
       -0.0003877878        0.0000007149       -0.0014817916
        0.0000009277       -0.0022069943       -0.0000002758
        0.0003846631        0.0000007522       -0.0002805818
        0.0000971731        0.0000002038        0.0007246742
       -0.0000003239       -0.0003288565        0.0000001214
        0.0000702997        0.0000000478       -0.0000277627
        0.0006934552        0.0000000696        0.0006357384
        0.0000001760        0.0013150141        0.0000000867
       -0.0002309818       -0.0000004426       -0.0002324296
       -0.0001426697       -0.0000001229       -0.0001283093
       -0.0000000121       -0.0004135840        0.0000000079
        0.0001835074        0.0000001706        0.0002183072
       -0.0006467612        0.0000000970        0.0000687104
        0.0000000035       -0.0007337237        0.0000000049
        0.0001077780        0.0000001957       -0.0000246195
        0.0001324734        0.0000000042        0.0001215147
        0.0000000000        0.0003338015       -0.0000000155
       -0.0001124356       -0.0000001447       -0.0001024067
       -0.0002258079        0.0000004389        0.0015528866
        0.0000002257       -0.0017884775       -0.0000005146
        0.0000587301        0.0000005116       -0.0005253592
        0.0001118562        0.0000007083        0.0018564660
       -0.0000000586        0.0010997149        0.0000002959
       -0.0000585084       -0.0000006829       -0.0006680285
        0.0001175441        0.0000000525        0.0001025951
        0.0000000321        0.0003942982        0.0000001085
       -0.0001419597       -0.0000001374        0.0000011914
       -0.0001288510        0.0000000519        0.0001605964
       -0.0000000519       -0.0004412825       -0.0000001273
        0.0001605991        0.0000001273       -0.0001131774
       -0.0000285414        0.0000000597        0.0002792484
       -0.0000000339       -0.0002329847       -0.0000000315
        0.0000701222        0.0000000376       -0.0001873781
       -0.0769292468       -0.0000205731       -0.0738482488
       -0.0000226419       -0.0390259497       -0.0000847109
       -0.0701419001       -0.0000846734       -0.3656363577
        0.0820382234        0.0000179257        0.0714490240
        0.0000179257        0.0286381201        0.0000912681
        0.0714490240        0.0000912681        0.3804031624
       -0.0491443001        0.0000052820        0.0195536150
        0.0000029350        0.0062571590        0.0000017117
        0.0154711396        0.0000033544        0.0152026935
        0.0042449378        0.0000011502        0.0067339021
       -0.0000007882        0.0129278820       -0.0000006221
       -0.0065781396       -0.0000033371       -0.0062196487
       -0.0023565151       -0.0000008414        0.0015883669
       -0.0000003787        0.0073907960       -0.0000000018
        0.0022723651       -0.0000030922       -0.0002323766
        0.0021409384       -0.0000000889        0.0011412059
       -0.0000001134       -0.0017934156        0.0000005658
       -0.0033032981        0.0000003642        0.0017032641
       -0.0032462735       -0.0000000357       -0.0008556832
        0.0000006758       -0.0125215835        0.0000011289
        0.0025884969        0.0000023443        0.0030290196
       -0.0007627661        0.0000002968        0.0005246703
       -0.0000002176        0.0026109115       -0.0000002038
       -0.0005666690        0.0000001767        0.0012386485
        0.0002108961       -0.0000001033       -0.0000552822
       -0.0000001344        0.0015282063        0.0000001005
        0.0017572634       -0.0000005164       -0.0005881581
       -0.0004832043        0.0000000865       -0.0002325464
        0.0000000011       -0.0025305851        0.0000000602
       -0.0017951493        0.0000005213       -0.0012419624
       -0.0014932681        0.0000002334        0.0008181288
        0.0000002154        0.0105568005        0.0000040055
        0.0005825850       -0.0000000425        0.0014662021
        0.0004436727       -0.0000000361       -0.0000953881
        0.0000000358       -0.0143822257       -0.0000021414
       -0.0000953836        0.0000021411        0.0038191198
       -0.0001453654        0.0000000997        0.0000288829
        0.0000006415       -0.0012490173       -0.0000006287
       -0.0017155458        0.0000004625        0.0010421898
        0.0001118515        0.0000000595       -0.0000585160
       -0.0000007098        0.0010997254        0.0000006824
        0.0018564642       -0.0000002958       -0.0006680189
        0.0001435413       -0.0000000082       -0.0000682108
       -0.0000002341       -0.0009715483        0.0000004528
        0.0011208628        0.0000002348       -0.0013768972
       -0.3655242860        0.0000669048        0.2371318205
        0.0000638573       -0.0568562009       -0.0000809983
        0.2153341207       -0.0000778007       -0.3456459517
        0.0073554844       -0.0000013142       -0.0090234821
        0.0000079090        0.0035325017       -0.0000049122
        0.0287891628       -0.0000065470       -0.0145065158
        0.8443228704       -0.0000312365       -0.0938004216
       -0.0000312365        0.1162727394        0.0001992834
       -0.0938004216        0.0001992834        0.8218172928
        0.0015340986       -0.0000001230       -0.0007784388
        0.0000001014       -0.0079023359        0.0000027098
       -0.0013515497        0.0000024213        0.0000185003
       -0.0007862445        0.0000003429        0.0017763130
        0.0000005244        0.0017250588       -0.0000003483
       -0.0012832766       -0.0000003561        0.0003057719
        0.0007722128       -0.0000001879       -0.0004894183
       -0.0000003612        0.0019123743        0.0000004451
       -0.0004061345       -0.0000008645        0.0005315040
        0.0000442409       -0.0000002142       -0.0006040027
       -0.0000000455        0.0001991711       -0.0000002283
       -0.0002457668        0.0000000224        0.0003569913
       -0.0004414820       -0.0000001405       -0.0005259508
        0.0000003169       -0.0013249525        0.0000002875
        0.0003456938        0.0000006375        0.0000911752
       -0.0010196748        0.0000004912       -0.0008107254
        0.0000006294        0.0006703217        0.0000002829
       -0.0000047404       -0.0000001644        0.0006196207
        0.0001132800        0.0000000108       -0.0000742123
        0.0000000299        0.0003979042        0.0000000227
        0.0000804075       -0.0000001433       -0.0000263894
       -0.0001216023       -0.0000000314       -0.0000961030
        0.0000000055       -0.0003633918       -0.0000000020
       -0.0000859286        0.0000001293       -0.0000689748
        0.0002334887       -0.0000002972       -0.0013306490
        0.0000000706        0.0028096135        0.0000007094
       -0.0001256763       -0.0000004900        0.0009320443
       -0.0001453703       -0.0000006416       -0.0017155466
       -0.0000000989       -0.0012490245       -0.0000004622
        0.0000288836        0.0000006287        0.0010421855
       -0.0001123997       -0.0000000395       -0.0001157798
        0.0000000395       -0.0002226264       -0.0000001463
       -0.0001157794        0.0000001463        0.0000959008
        0.0001175434       -0.0000000321       -0.0001419607
       -0.0000000524        0.0003942981        0.0000001374
        0.0001025951       -0.0000001085        0.0000011919
        0.0000390740       -0.0000000578       -0.0002395728
        0.0000000045        0.0001007610        0.0000000706
        0.0001227681        0.0000000037        0.0000101571
        0.0104970944        0.0000085863        0.0297976342
       -0.0000045334        0.0011495058       -0.0000043560
       -0.0074189630       -0.0000040991       -0.0139490588
       -0.0037200757        0.0000007782        0.0022076292
        0.0000009990        0.0128133089       -0.0000030965
        0.0021026156       -0.0000036186       -0.0003767712
       -0.0755181954       -0.0000160402       -0.0551596641
       -0.0000146820       -0.0336508131       -0.0001027814
       -0.0559073760       -0.0001012399       -0.3848860589
        0.0674118009        0.0000155184        0.0564932027
        0.0000155184        0.0231870734        0.0001071020
        0.0564932027        0.0001071020        0.3968906020
        0.0002015201        0.0000004120        0.0023576604
       -0.0000000127        0.0130073900       -0.0000045158
        0.0012923541       -0.0000041111       -0.0027367791
        0.0001325498       -0.0000000550       -0.0000257316
       -0.0000005873       -0.0011639369       -0.0000000663
        0.0002461556        0.0000006335       -0.0002504947
       -0.0003551888        0.0000002220       -0.0000996853
        0.0000003389       -0.0021925571       -0.0000001202
        0.0004800298        0.0000004909        0.0000512059
        0.0000527709        0.0000001163        0.0005511397
       -0.0000000712       -0.0006186192        0.0000000796
       -0.0000765209       -0.0000000850       -0.0004310031
        0.0001069190       -0.0000001588        0.0006903203
       -0.0000002097       -0.0001656104       -0.0000005987
       -0.0003302336       -0.0000000936       -0.0005807580
        0.0000784582        0.0000000081       -0.0000030154
       -0.0000000480        0.0000458151        0.0000000695
        0.0005019036       -0.0000001123        0.0005229062
       -0.0000764218        0.0000000267        0.0000244660
       -0.0000000005       -0.0002808623       -0.0000000124
        0.0003265834        0.0000000509       -0.0000933893
       -0.0000275068       -0.0000000184       -0.0000006281
        0.0000000620        0.0000948902        0.0000000188
       -0.0001162378       -0.0000000598       -0.0001473087
       -0.0001928121        0.0000003290        0.0006921993
        0.0000000707       -0.0005994720       -0.0000000905
        0.0001104450        0.0000000777       -0.0012140287
        0.0001435381        0.0000002342        0.0011208630
        0.0000000075       -0.0009715543       -0.0000002348
       -0.0000682101       -0.0000004528       -0.0013769030
        0.0000390741       -0.0000000044        0.0001227679
        0.0000000579        0.0001007609       -0.0000000037
       -0.0002395728       -0.0000000706        0.0000101571
       -0.0000285421        0.0000000339        0.0000701225
       -0.0000000597       -0.0002329847       -0.0000000376
        0.0002792486        0.0000000315       -0.0001873780
       -0.0000253198        0.0000000293        0.0000934707
       -0.0000000294       -0.0001474800        0.0000000202
        0.0000934708       -0.0000000202       -0.0003547277
       -0.0151962364       -0.0000030349       -0.0128253011
        0.0000081887        0.0049742143        0.0000030320
        0.0270026557        0.0000008005        0.0103665600
        0.0016070412       -0.0000001110       -0.0002358946
       -0.0000003460       -0.0082927441        0.0000025936
       -0.0002840980        0.0000029502        0.0020649218
       -0.3638646699       -0.0000252185       -0.0984789334
       -0.0000255226       -0.0305759014       -0.0000179793
       -0.1000442290       -0.0000174742       -0.0954767830
        0.0017377835        0.0000022572        0.0075195405
       -0.0000079749        0.0016002438       -0.0000008782
       -0.0283042089       -0.0000003988       -0.0013179930
        0.3757023915        0.0000249689        0.0990077286
        0.0000249689        0.0228612126        0.0000183467
        0.0990077286        0.0000183467        0.0900594932
       -0.1965621338       -0.0000019362        0.0616600095
       -0.0000025412       -0.0610045092       -0.0000018851
        0.1299466216       -0.0000014047       -0.2532752501
        0.0612836523        0.0000000509        0.0430750416
        0.0000009965        0.0063171351        0.0000008620
       -0.0019254180        0.0000001739       -0.0549379678
       -0.0602808525        0.0000003160        0.0213080732
       -0.0000003166       -0.0084603693        0.0000000765
        0.0213081415       -0.0000000762       -0.0059134859
       -0.0187516173        0.0000009072       -0.0926701946
       -0.0000004395        0.0058715464        0.0000014443
       -0.0346475758       -0.0000005402        0.0156300603
       -0.3715295989       -0.0000006020        0.0056000925
       -0.0000013426       -0.0572881358       -0.0000011447
       -0.0813624229       -0.0000002395       -0.1419650351
       -0.0019485642        0.0000002223       -0.0044807425
       -0.0000001470        0.0061258073        0.0000000618
       -0.0023457980       -0.0000002015       -0.0032998402
       -0.0011256785       -0.0000000048        0.0009459432
       -0.0000000303       -0.0025791198       -0.0000000639
        0.0007757803       -0.0000000414        0.0008402374
       -0.0127920928       -0.0000004543       -0.0103396995
        0.0000001036        0.0042024633        0.0000001631
        0.0270368867       -0.0000000378        0.0080813125
        0.0116167198        0.0000000741       -0.0016194603
        0.0000007212       -0.0066799215       -0.0000038363
       -0.0019134646        0.0000008398       -0.0057695364
       -0.0023565152        0.0000003807        0.0022723923
        0.0000008404        0.0073907964        0.0000030922
        0.0015883469        0.0000000017       -0.0002323387
        0.0007722947        0.0000003612       -0.0004061721
        0.0000001878        0.0019123791        0.0000008645
       -0.0004894659       -0.0000004451        0.0005315556
       -0.0003877541       -0.0000009280        0.0003846927
       -0.0000007147       -0.0022069939       -0.0000007520
       -0.0014817760        0.0000002758       -0.0002805599
       -0.0003551375       -0.0000003392        0.0004800239
       -0.0000002220       -0.0021925507       -0.0000004909
       -0.0000997141        0.0000001202        0.0000512059
       -0.0451342544        0.0000011349        0.0309650730
        0.0000017065        0.0165108527       -0.0000032727
        0.0079420581       -0.0000009551        0.0054983347
        0.0021962284       -0.0000000699        0.0022540329
        0.0000000226        0.0013001860       -0.0000001396
       -0.0026175372        0.0000005248        0.0015790276
        0.0037777694       -0.0000011677       -0.0061770484
       -0.0000004573       -0.0062254675        0.0000029502
       -0.0073721006        0.0000001241        0.0007493294
       -0.0005780471       -0.0000006545        0.0002761324
        0.0000000316       -0.0017905231        0.0000006964
        0.0001385941        0.0000000433       -0.0002751196
       -0.0000650365        0.0000011646        0.0004007323
       -0.0000000232        0.0019604174       -0.0000003468
       -0.0006480879        0.0000003738        0.0009645352
        0.7325704985        0.0000030703        0.0522627341
        0.0000030703        0.1317111883        0.0000057042
        0.0522627341        0.0000057042        0.7814544644
        0.0093024457        0.0000001776        0.0216780647
       -0.0000003579        0.0021850987        0.0000002597
       -0.0129170370       -0.0000003811       -0.0140781245
       -0.0040117260       -0.0000000932        0.0019948662
       -0.0000000589        0.0058872255        0.0000001093
        0.0041531177       -0.0000000680       -0.0012240983
       -0.0011256898        0.0000000301        0.0007757660
        0.0000000047       -0.0025791459        0.0000000414
        0.0009459435        0.0000000638        0.0008401961
       -0.0050735408       -0.0000001308        0.0022117796
        0.0000002108        0.0081869565        0.0000000751
        0.0001385085       -0.0000000999        0.0011482557
       -0.0054233260       -0.0000003040       -0.0312245769
        0.0000001652        0.0037505827       -0.0000001994
        0.0058717884        0.0000000555        0.0011930270
        0.0004351444        0.0000000361        0.0010003423
        0.0000000464       -0.0001081479       -0.0000000147
       -0.0006233624        0.0000000357       -0.0007873750
       -0.0000650211        0.0000000144       -0.0001082306
       -0.0000000144       -0.0014831944       -0.0000000289
       -0.0001082394        0.0000000288       -0.0002064401
        0.0019111402       -0.0000000176        0.0000606861
       -0.0000000529       -0.0044913900        0.0000001208
        0.0001662148        0.0000000515        0.0011155762
        0.0000041698        0.0000000520       -0.0001987893
       -0.0000002453       -0.0023219977       -0.0000005192
        0.0001488059        0.0000000824       -0.0004144063
        0.0002108871        0.0000001349        0.0017572723
        0.0000001049        0.0015281796        0.0000005166
       -0.0000552755       -0.0000001016       -0.0005881647
        0.0001132666       -0.0000000300        0.0000804245
       -0.0000000108        0.0003978964        0.0000001433
       -0.0000741918       -0.0000000226       -0.0000263738
       -0.0006467818       -0.0000000035        0.0001077625
       -0.0000000970       -0.0007337300       -0.0000001957
        0.0000686976       -0.0000000049       -0.0000246321
       -0.0000764262        0.0000000005        0.0003265850
       -0.0000000267       -0.0002808699       -0.0000000509
        0.0000244703        0.0000000125       -0.0000933963
        0.0017460630        0.0000002892        0.0007740809
        0.0000002805       -0.0010273404       -0.0000003871
       -0.0021814646       -0.0000000075        0.0019179770
        0.0001408763       -0.0000000367       -0.0007134593
       -0.0000000689        0.0004315782       -0.0000003359
        0.0005210973        0.0000000910        0.0001217776
       -0.0002131176       -0.0000000320       -0.0021022080
        0.0000002136       -0.0014199631        0.0000005594
       -0.0000073562        0.0000001072        0.0007746122
       -0.0000575255       -0.0000000687       -0.0001266475
        0.0000000210       -0.0004559672        0.0000001751
       -0.0000271400        0.0000000091        0.0000047204
        0.0000296871        0.0000000028       -0.0002779963
       -0.0000000134        0.0005967783       -0.0000001567
        0.0000669988        0.0000000034        0.0001277668
       -0.1003498802       -0.0000014460       -0.1060958035
       -0.0000015257       -0.0348751814       -0.0000042401
       -0.1061916572       -0.0000039832       -0.3494309260
        0.1031493547        0.0000014250        0.1100800814
        0.0000014250        0.0268126320        0.0000041280
        0.1100800814        0.0000041280        0.3596300280
